

Please enter the lowest student number in your group: 


Units for the values: V, mA, kOhm, mS and uF


Values:  R1 = 1.01360927043 
R2 = 2.01657828976 
R3 = 3.00681599161 
R4 = 4.04922873502 
R5 = 3.05392516866 
R6 = 2.09250198059 
R7 = 1.0223196044 
Vs = 5.21604048925 
C = 1.02958724781 
Kb = 7.2133236346 
Kd = 8.32103470507 



